benchmarks/b4-govindaraju/dem.asc
NCOLS 200 
NROWS 10 
XLLCORNER 0 
YLLCORNER 0 
CELLSIZE 0.109725 
NODATA_value -9999 
[rows 0 to 9 of 10, columns 116 to 173 of 200]
0.3664815 0.3620925 0.3577035 0.3533145 0.3489255 0.3445365 0.3401475 0.3357585 0.3313695 0.3269805 0.3225915 0.3182025 0.3138135 0.3094245 0.3050355 0.3006465 0.2962575 0.2918685 0.2874795 0.2830905 0.2787015 0.2743125 0.2699235 0.2655345 0.2611455 0.2567565 0.2523675 0.2479785 0.2435895 0.2392005 0.2348115 0.2304225 0.2260335 0.2216445 0.2172555 0.2128665 0.2084775 0.2040885 0.1996995 0.1953105 0.1909215 0.1865325 0.1821435 0.1777545 0.1733655 0.1689765 0.1645875 0.1601985 0.1558095 0.1514205 0.1470315 0.1426425 0.1382535 0.1338645 0.1294755 0.1250865 0.1206975 0.1163085
0.3664815 0.3620925 0.3577035 0.3533145 0.3489255 0.3445365 0.3401475 0.3357585 0.3313695 0.3269805 0.3225915 0.3182025 0.3138135 0.3094245 0.3050355 0.3006465 0.2962575 0.2918685 0.2874795 0.2830905 0.2787015 0.2743125 0.2699235 0.2655345 0.2611455 0.2567565 0.2523675 0.2479785 0.2435895 0.2392005 0.2348115 0.2304225 0.2260335 0.2216445 0.2172555 0.2128665 0.2084775 0.2040885 0.1996995 0.1953105 0.1909215 0.1865325 0.1821435 0.1777545 0.1733655 0.1689765 0.1645875 0.1601985 0.1558095 0.1514205 0.1470315 0.1426425 0.1382535 0.1338645 0.1294755 0.1250865 0.1206975 0.1163085
0.3664815 0.3620925 0.3577035 0.3533145 0.3489255 0.3445365 0.3401475 0.3357585 0.3313695 0.3269805 0.3225915 0.3182025 0.3138135 0.3094245 0.3050355 0.3006465 0.2962575 0.2918685 0.2874795 0.2830905 0.2787015 0.2743125 0.2699235 0.2655345 0.2611455 0.2567565 0.2523675 0.2479785 0.2435895 0.2392005 0.2348115 0.2304225 0.2260335 0.2216445 0.2172555 0.2128665 0.2084775 0.2040885 0.1996995 0.1953105 0.1909215 0.1865325 0.1821435 0.1777545 0.1733655 0.1689765 0.1645875 0.1601985 0.1558095 0.1514205 0.1470315 0.1426425 0.1382535 0.1338645 0.1294755 0.1250865 0.1206975 0.1163085
0.3664815 0.3620925 0.3577035 0.3533145 0.3489255 0.3445365 0.3401475 0.3357585 0.3313695 0.3269805 0.3225915 0.3182025 0.3138135 0.3094245 0.3050355 0.3006465 0.2962575 0.2918685 0.2874795 0.2830905 0.2787015 0.2743125 0.2699235 0.2655345 0.2611455 0.2567565 0.2523675 0.2479785 0.2435895 0.2392005 0.2348115 0.2304225 0.2260335 0.2216445 0.2172555 0.2128665 0.2084775 0.2040885 0.1996995 0.1953105 0.1909215 0.1865325 0.1821435 0.1777545 0.1733655 0.1689765 0.1645875 0.1601985 0.1558095 0.1514205 0.1470315 0.1426425 0.1382535 0.1338645 0.1294755 0.1250865 0.1206975 0.1163085
0.3664815 0.3620925 0.3577035 0.3533145 0.3489255 0.3445365 0.3401475 0.3357585 0.3313695 0.3269805 0.3225915 0.3182025 0.3138135 0.3094245 0.3050355 0.3006465 0.2962575 0.2918685 0.2874795 0.2830905 0.2787015 0.2743125 0.2699235 0.2655345 0.2611455 0.2567565 0.2523675 0.2479785 0.2435895 0.2392005 0.2348115 0.2304225 0.2260335 0.2216445 0.2172555 0.2128665 0.2084775 0.2040885 0.1996995 0.1953105 0.1909215 0.1865325 0.1821435 0.1777545 0.1733655 0.1689765 0.1645875 0.1601985 0.1558095 0.1514205 0.1470315 0.1426425 0.1382535 0.1338645 0.1294755 0.1250865 0.1206975 0.1163085
0.3664815 0.3620925 0.3577035 0.3533145 0.3489255 0.3445365 0.3401475 0.3357585 0.3313695 0.3269805 0.3225915 0.3182025 0.3138135 0.3094245 0.3050355 0.3006465 0.2962575 0.2918685 0.2874795 0.2830905 0.2787015 0.2743125 0.2699235 0.2655345 0.2611455 0.2567565 0.2523675 0.2479785 0.2435895 0.2392005 0.2348115 0.2304225 0.2260335 0.2216445 0.2172555 0.2128665 0.2084775 0.2040885 0.1996995 0.1953105 0.1909215 0.1865325 0.1821435 0.1777545 0.1733655 0.1689765 0.1645875 0.1601985 0.1558095 0.1514205 0.1470315 0.1426425 0.1382535 0.1338645 0.1294755 0.1250865 0.1206975 0.1163085
0.3664815 0.3620925 0.3577035 0.3533145 0.3489255 0.3445365 0.3401475 0.3357585 0.3313695 0.3269805 0.3225915 0.3182025 0.3138135 0.3094245 0.3050355 0.3006465 0.2962575 0.2918685 0.2874795 0.2830905 0.2787015 0.2743125 0.2699235 0.2655345 0.2611455 0.2567565 0.2523675 0.2479785 0.2435895 0.2392005 0.2348115 0.2304225 0.2260335 0.2216445 0.2172555 0.2128665 0.2084775 0.2040885 0.1996995 0.1953105 0.1909215 0.1865325 0.1821435 0.1777545 0.1733655 0.1689765 0.1645875 0.1601985 0.1558095 0.1514205 0.1470315 0.1426425 0.1382535 0.1338645 0.1294755 0.1250865 0.1206975 0.1163085
0.3664815 0.3620925 0.3577035 0.3533145 0.3489255 0.3445365 0.3401475 0.3357585 0.3313695 0.3269805 0.3225915 0.3182025 0.3138135 0.3094245 0.3050355 0.3006465 0.2962575 0.2918685 0.2874795 0.2830905 0.2787015 0.2743125 0.2699235 0.2655345 0.2611455 0.2567565 0.2523675 0.2479785 0.2435895 0.2392005 0.2348115 0.2304225 0.2260335 0.2216445 0.2172555 0.2128665 0.2084775 0.2040885 0.1996995 0.1953105 0.1909215 0.1865325 0.1821435 0.1777545 0.1733655 0.1689765 0.1645875 0.1601985 0.1558095 0.1514205 0.1470315 0.1426425 0.1382535 0.1338645 0.1294755 0.1250865 0.1206975 0.1163085
0.3664815 0.3620925 0.3577035 0.3533145 0.3489255 0.3445365 0.3401475 0.3357585 0.3313695 0.3269805 0.3225915 0.3182025 0.3138135 0.3094245 0.3050355 0.3006465 0.2962575 0.2918685 0.2874795 0.2830905 0.2787015 0.2743125 0.2699235 0.2655345 0.2611455 0.2567565 0.2523675 0.2479785 0.2435895 0.2392005 0.2348115 0.2304225 0.2260335 0.2216445 0.2172555 0.2128665 0.2084775 0.2040885 0.1996995 0.1953105 0.1909215 0.1865325 0.1821435 0.1777545 0.1733655 0.1689765 0.1645875 0.1601985 0.1558095 0.1514205 0.1470315 0.1426425 0.1382535 0.1338645 0.1294755 0.1250865 0.1206975 0.1163085
0.3664815 0.3620925 0.3577035 0.3533145 0.3489255 0.3445365 0.3401475 0.3357585 0.3313695 0.3269805 0.3225915 0.3182025 0.3138135 0.3094245 0.3050355 0.3006465 0.2962575 0.2918685 0.2874795 0.2830905 0.2787015 0.2743125 0.2699235 0.2655345 0.2611455 0.2567565 0.2523675 0.2479785 0.2435895 0.2392005 0.2348115 0.2304225 0.2260335 0.2216445 0.2172555 0.2128665 0.2084775 0.2040885 0.1996995 0.1953105 0.1909215 0.1865325 0.1821435 0.1777545 0.1733655 0.1689765 0.1645875 0.1601985 0.1558095 0.1514205 0.1470315 0.1426425 0.1382535 0.1338645 0.1294755 0.1250865 0.1206975 0.1163085
