benchmarks/b4-govindaraju/dem.asc
NCOLS 200 
NROWS 10 
XLLCORNER 0 
YLLCORNER 0 
CELLSIZE 0.109725 
NODATA_value -9999 
[rows 0 to 9 of 10, columns 0 to 57 of 200]
0.875605500000000 0.8712165 0.8668275 0.8624385 0.8580495 0.8536605 0.8492715 0.8448825 0.8404935 0.8361045 0.8317155 0.8273265 0.8229375 0.8185485 0.8141595 0.8097705 0.8053815 0.8009925 0.7966035 0.7922145 0.7878255 0.7834365 0.7790475 0.7746585 0.7702695 0.7658805 0.7614915 0.7571025 0.7527135 0.7483245 0.7439355 0.7395465 0.7351575 0.7307685 0.7263795 0.7219905 0.7176015 0.7132125 0.7088235 0.7044345 0.7000455 0.6956565 0.6912675 0.6868785 0.6824895 0.6781005 0.6737115 0.6693225 0.6649335 0.6605445 0.6561555 0.6517665 0.6473775 0.6429885 0.6385995 0.6342105 0.6298215 0.6254325
0.8756055 0.8712165 0.8668275 0.8624385 0.8580495 0.8536605 0.8492715 0.8448825 0.8404935 0.8361045 0.8317155 0.8273265 0.8229375 0.8185485 0.8141595 0.8097705 0.8053815 0.8009925 0.7966035 0.7922145 0.7878255 0.7834365 0.7790475 0.7746585 0.7702695 0.7658805 0.7614915 0.7571025 0.7527135 0.7483245 0.7439355 0.7395465 0.7351575 0.7307685 0.7263795 0.7219905 0.7176015 0.7132125 0.7088235 0.7044345 0.7000455 0.6956565 0.6912675 0.6868785 0.6824895 0.6781005 0.6737115 0.6693225 0.6649335 0.6605445 0.6561555 0.6517665 0.6473775 0.6429885 0.6385995 0.6342105 0.6298215 0.6254325
0.8756055 0.8712165 0.8668275 0.8624385 0.8580495 0.8536605 0.8492715 0.8448825 0.8404935 0.8361045 0.8317155 0.8273265 0.8229375 0.8185485 0.8141595 0.8097705 0.8053815 0.8009925 0.7966035 0.7922145 0.7878255 0.7834365 0.7790475 0.7746585 0.7702695 0.7658805 0.7614915 0.7571025 0.7527135 0.7483245 0.7439355 0.7395465 0.7351575 0.7307685 0.7263795 0.7219905 0.7176015 0.7132125 0.7088235 0.7044345 0.7000455 0.6956565 0.6912675 0.6868785 0.6824895 0.6781005 0.6737115 0.6693225 0.6649335 0.6605445 0.6561555 0.6517665 0.6473775 0.6429885 0.6385995 0.6342105 0.6298215 0.6254325
0.8756055 0.8712165 0.8668275 0.8624385 0.8580495 0.8536605 0.8492715 0.8448825 0.8404935 0.8361045 0.8317155 0.8273265 0.8229375 0.8185485 0.8141595 0.8097705 0.8053815 0.8009925 0.7966035 0.7922145 0.7878255 0.7834365 0.7790475 0.7746585 0.7702695 0.7658805 0.7614915 0.7571025 0.7527135 0.7483245 0.7439355 0.7395465 0.7351575 0.7307685 0.7263795 0.7219905 0.7176015 0.7132125 0.7088235 0.7044345 0.7000455 0.6956565 0.6912675 0.6868785 0.6824895 0.6781005 0.6737115 0.6693225 0.6649335 0.6605445 0.6561555 0.6517665 0.6473775 0.6429885 0.6385995 0.6342105 0.6298215 0.6254325
0.8756055 0.8712165 0.8668275 0.8624385 0.8580495 0.8536605 0.8492715 0.8448825 0.8404935 0.8361045 0.8317155 0.8273265 0.8229375 0.8185485 0.8141595 0.8097705 0.8053815 0.8009925 0.7966035 0.7922145 0.7878255 0.7834365 0.7790475 0.7746585 0.7702695 0.7658805 0.7614915 0.7571025 0.7527135 0.7483245 0.7439355 0.7395465 0.7351575 0.7307685 0.7263795 0.7219905 0.7176015 0.7132125 0.7088235 0.7044345 0.7000455 0.6956565 0.6912675 0.6868785 0.6824895 0.6781005 0.6737115 0.6693225 0.6649335 0.6605445 0.6561555 0.6517665 0.6473775 0.6429885 0.6385995 0.6342105 0.6298215 0.6254325
0.8756055 0.8712165 0.8668275 0.8624385 0.8580495 0.8536605 0.8492715 0.8448825 0.8404935 0.8361045 0.8317155 0.8273265 0.8229375 0.8185485 0.8141595 0.8097705 0.8053815 0.8009925 0.7966035 0.7922145 0.7878255 0.7834365 0.7790475 0.7746585 0.7702695 0.7658805 0.7614915 0.7571025 0.7527135 0.7483245 0.7439355 0.7395465 0.7351575 0.7307685 0.7263795 0.7219905 0.7176015 0.7132125 0.7088235 0.7044345 0.7000455 0.6956565 0.6912675 0.6868785 0.6824895 0.6781005 0.6737115 0.6693225 0.6649335 0.6605445 0.6561555 0.6517665 0.6473775 0.6429885 0.6385995 0.6342105 0.6298215 0.6254325
0.8756055 0.8712165 0.8668275 0.8624385 0.8580495 0.8536605 0.8492715 0.8448825 0.8404935 0.8361045 0.8317155 0.8273265 0.8229375 0.8185485 0.8141595 0.8097705 0.8053815 0.8009925 0.7966035 0.7922145 0.7878255 0.7834365 0.7790475 0.7746585 0.7702695 0.7658805 0.7614915 0.7571025 0.7527135 0.7483245 0.7439355 0.7395465 0.7351575 0.7307685 0.7263795 0.7219905 0.7176015 0.7132125 0.7088235 0.7044345 0.7000455 0.6956565 0.6912675 0.6868785 0.6824895 0.6781005 0.6737115 0.6693225 0.6649335 0.6605445 0.6561555 0.6517665 0.6473775 0.6429885 0.6385995 0.6342105 0.6298215 0.6254325
0.8756055 0.8712165 0.8668275 0.8624385 0.8580495 0.8536605 0.8492715 0.8448825 0.8404935 0.8361045 0.8317155 0.8273265 0.8229375 0.8185485 0.8141595 0.8097705 0.8053815 0.8009925 0.7966035 0.7922145 0.7878255 0.7834365 0.7790475 0.7746585 0.7702695 0.7658805 0.7614915 0.7571025 0.7527135 0.7483245 0.7439355 0.7395465 0.7351575 0.7307685 0.7263795 0.7219905 0.7176015 0.7132125 0.7088235 0.7044345 0.7000455 0.6956565 0.6912675 0.6868785 0.6824895 0.6781005 0.6737115 0.6693225 0.6649335 0.6605445 0.6561555 0.6517665 0.6473775 0.6429885 0.6385995 0.6342105 0.6298215 0.6254325
0.8756055 0.8712165 0.8668275 0.8624385 0.8580495 0.8536605 0.8492715 0.8448825 0.8404935 0.8361045 0.8317155 0.8273265 0.8229375 0.8185485 0.8141595 0.8097705 0.8053815 0.8009925 0.7966035 0.7922145 0.7878255 0.7834365 0.7790475 0.7746585 0.7702695 0.7658805 0.7614915 0.7571025 0.7527135 0.7483245 0.7439355 0.7395465 0.7351575 0.7307685 0.7263795 0.7219905 0.7176015 0.7132125 0.7088235 0.7044345 0.7000455 0.6956565 0.6912675 0.6868785 0.6824895 0.6781005 0.6737115 0.6693225 0.6649335 0.6605445 0.6561555 0.6517665 0.6473775 0.6429885 0.6385995 0.6342105 0.6298215 0.6254325
0.8756055 0.8712165 0.8668275 0.8624385 0.8580495 0.8536605 0.8492715 0.8448825 0.8404935 0.8361045 0.8317155 0.8273265 0.8229375 0.8185485 0.8141595 0.8097705 0.8053815 0.8009925 0.7966035 0.7922145 0.7878255 0.7834365 0.7790475 0.7746585 0.7702695 0.7658805 0.7614915 0.7571025 0.7527135 0.7483245 0.7439355 0.7395465 0.7351575 0.7307685 0.7263795 0.7219905 0.7176015 0.7132125 0.7088235 0.7044345 0.7000455 0.6956565 0.6912675 0.6868785 0.6824895 0.6781005 0.6737115 0.6693225 0.6649335 0.6605445 0.6561555 0.6517665 0.6473775 0.6429885 0.6385995 0.6342105 0.6298215 0.6254325
