benchmarks/b4-govindaraju/dem.asc
NCOLS 200 
NROWS 10 
XLLCORNER 0 
YLLCORNER 0 
CELLSIZE 0.109725 
NODATA_value -9999 
[rows 0 to 9 of 10, columns 58 to 115 of 200]
0.6210435 0.6166545 0.6122655 0.6078765 0.6034875 0.5990985 0.5947095 0.5903205 0.5859315 0.5815425 0.5771535 0.5727645 0.5683755 0.5639865 0.5595975 0.5552085 0.5508195 0.5464305 0.5420415 0.5376525 0.5332635 0.5288745 0.5244855 0.5200965 0.5157075 0.5113185 0.5069295 0.5025405 0.4981515 0.4937625 0.4893735 0.4849845 0.4805955 0.4762065 0.4718175 0.4674285 0.4630395 0.4586505 0.4542615 0.4498725 0.4454835 0.4410945 0.4367055 0.4323165 0.4279275 0.4235385 0.4191495 0.4147605 0.4103715 0.4059825 0.4015935 0.3972045 0.3928155 0.3884265 0.3840375 0.3796485 0.3752595 0.3708705
0.6210435 0.6166545 0.6122655 0.6078765 0.6034875 0.5990985 0.5947095 0.5903205 0.5859315 0.5815425 0.5771535 0.5727645 0.5683755 0.5639865 0.5595975 0.5552085 0.5508195 0.5464305 0.5420415 0.5376525 0.5332635 0.5288745 0.5244855 0.5200965 0.5157075 0.5113185 0.5069295 0.5025405 0.4981515 0.4937625 0.4893735 0.4849845 0.4805955 0.4762065 0.4718175 0.4674285 0.4630395 0.4586505 0.4542615 0.4498725 0.4454835 0.4410945 0.4367055 0.4323165 0.4279275 0.4235385 0.4191495 0.4147605 0.4103715 0.4059825 0.4015935 0.3972045 0.3928155 0.3884265 0.3840375 0.3796485 0.3752595 0.3708705
0.6210435 0.6166545 0.6122655 0.6078765 0.6034875 0.5990985 0.5947095 0.5903205 0.5859315 0.5815425 0.5771535 0.5727645 0.5683755 0.5639865 0.5595975 0.5552085 0.5508195 0.5464305 0.5420415 0.5376525 0.5332635 0.5288745 0.5244855 0.5200965 0.5157075 0.5113185 0.5069295 0.5025405 0.4981515 0.4937625 0.4893735 0.4849845 0.4805955 0.4762065 0.4718175 0.4674285 0.4630395 0.4586505 0.4542615 0.4498725 0.4454835 0.4410945 0.4367055 0.4323165 0.4279275 0.4235385 0.4191495 0.4147605 0.4103715 0.4059825 0.4015935 0.3972045 0.3928155 0.3884265 0.3840375 0.3796485 0.3752595 0.3708705
0.6210435 0.6166545 0.6122655 0.6078765 0.6034875 0.5990985 0.5947095 0.5903205 0.5859315 0.5815425 0.5771535 0.5727645 0.5683755 0.5639865 0.5595975 0.5552085 0.5508195 0.5464305 0.5420415 0.5376525 0.5332635 0.5288745 0.5244855 0.5200965 0.5157075 0.5113185 0.5069295 0.5025405 0.4981515 0.4937625 0.4893735 0.4849845 0.4805955 0.4762065 0.4718175 0.4674285 0.4630395 0.4586505 0.4542615 0.4498725 0.4454835 0.4410945 0.4367055 0.4323165 0.4279275 0.4235385 0.4191495 0.4147605 0.4103715 0.4059825 0.4015935 0.3972045 0.3928155 0.3884265 0.3840375 0.3796485 0.3752595 0.3708705
0.6210435 0.6166545 0.6122655 0.6078765 0.6034875 0.5990985 0.5947095 0.5903205 0.5859315 0.5815425 0.5771535 0.5727645 0.5683755 0.5639865 0.5595975 0.5552085 0.5508195 0.5464305 0.5420415 0.5376525 0.5332635 0.5288745 0.5244855 0.5200965 0.5157075 0.5113185 0.5069295 0.5025405 0.4981515 0.4937625 0.4893735 0.4849845 0.4805955 0.4762065 0.4718175 0.4674285 0.4630395 0.4586505 0.4542615 0.4498725 0.4454835 0.4410945 0.4367055 0.4323165 0.4279275 0.4235385 0.4191495 0.4147605 0.4103715 0.4059825 0.4015935 0.3972045 0.3928155 0.3884265 0.3840375 0.3796485 0.3752595 0.3708705
0.6210435 0.6166545 0.6122655 0.6078765 0.6034875 0.5990985 0.5947095 0.5903205 0.5859315 0.5815425 0.5771535 0.5727645 0.5683755 0.5639865 0.5595975 0.5552085 0.5508195 0.5464305 0.5420415 0.5376525 0.5332635 0.5288745 0.5244855 0.5200965 0.5157075 0.5113185 0.5069295 0.5025405 0.4981515 0.4937625 0.4893735 0.4849845 0.4805955 0.4762065 0.4718175 0.4674285 0.4630395 0.4586505 0.4542615 0.4498725 0.4454835 0.4410945 0.4367055 0.4323165 0.4279275 0.4235385 0.4191495 0.4147605 0.4103715 0.4059825 0.4015935 0.3972045 0.3928155 0.3884265 0.3840375 0.3796485 0.3752595 0.3708705
0.6210435 0.6166545 0.6122655 0.6078765 0.6034875 0.5990985 0.5947095 0.5903205 0.5859315 0.5815425 0.5771535 0.5727645 0.5683755 0.5639865 0.5595975 0.5552085 0.5508195 0.5464305 0.5420415 0.5376525 0.5332635 0.5288745 0.5244855 0.5200965 0.5157075 0.5113185 0.5069295 0.5025405 0.4981515 0.4937625 0.4893735 0.4849845 0.4805955 0.4762065 0.4718175 0.4674285 0.4630395 0.4586505 0.4542615 0.4498725 0.4454835 0.4410945 0.4367055 0.4323165 0.4279275 0.4235385 0.4191495 0.4147605 0.4103715 0.4059825 0.4015935 0.3972045 0.3928155 0.3884265 0.3840375 0.3796485 0.3752595 0.3708705
0.6210435 0.6166545 0.6122655 0.6078765 0.6034875 0.5990985 0.5947095 0.5903205 0.5859315 0.5815425 0.5771535 0.5727645 0.5683755 0.5639865 0.5595975 0.5552085 0.5508195 0.5464305 0.5420415 0.5376525 0.5332635 0.5288745 0.5244855 0.5200965 0.5157075 0.5113185 0.5069295 0.5025405 0.4981515 0.4937625 0.4893735 0.4849845 0.4805955 0.4762065 0.4718175 0.4674285 0.4630395 0.4586505 0.4542615 0.4498725 0.4454835 0.4410945 0.4367055 0.4323165 0.4279275 0.4235385 0.4191495 0.4147605 0.4103715 0.4059825 0.4015935 0.3972045 0.3928155 0.3884265 0.3840375 0.3796485 0.3752595 0.3708705
0.6210435 0.6166545 0.6122655 0.6078765 0.6034875 0.5990985 0.5947095 0.5903205 0.5859315 0.5815425 0.5771535 0.5727645 0.5683755 0.5639865 0.5595975 0.5552085 0.5508195 0.5464305 0.5420415 0.5376525 0.5332635 0.5288745 0.5244855 0.5200965 0.5157075 0.5113185 0.5069295 0.5025405 0.4981515 0.4937625 0.4893735 0.4849845 0.4805955 0.4762065 0.4718175 0.4674285 0.4630395 0.4586505 0.4542615 0.4498725 0.4454835 0.4410945 0.4367055 0.4323165 0.4279275 0.4235385 0.4191495 0.4147605 0.4103715 0.4059825 0.4015935 0.3972045 0.3928155 0.3884265 0.3840375 0.3796485 0.3752595 0.3708705
0.6210435 0.6166545 0.6122655 0.6078765 0.6034875 0.5990985 0.5947095 0.5903205 0.5859315 0.5815425 0.5771535 0.5727645 0.5683755 0.5639865 0.5595975 0.5552085 0.5508195 0.5464305 0.5420415 0.5376525 0.5332635 0.5288745 0.5244855 0.5200965 0.5157075 0.5113185 0.5069295 0.5025405 0.4981515 0.4937625 0.4893735 0.4849845 0.4805955 0.4762065 0.4718175 0.4674285 0.4630395 0.4586505 0.4542615 0.4498725 0.4454835 0.4410945 0.4367055 0.4323165 0.4279275 0.4235385 0.4191495 0.4147605 0.4103715 0.4059825 0.4015935 0.3972045 0.3928155 0.3884265 0.3840375 0.3796485 0.3752595 0.3708705
