benchmarks/b5-vcatchment/dem.asc
ncols 101
nrows 55
xllcorner 0.0
yllcorner 0.0
cellsize 1.0
nodata_value -9999
[rows 0 to 33 of 55, columns 0 to 76 of 101]
0.000 0.000 0.020 0.040 0.060 0.080 0.100 0.120 0.140 0.160 0.180 0.200 0.220 0.240 0.260 0.280 0.300 0.320 0.340 0.360 0.380 0.400 0.420 0.440 0.460 0.480 0.500 0.520 0.540 0.560 0.580 0.600 0.620 0.640 0.660 0.680 0.700 0.720 0.740 0.760 0.780 0.800 0.820 0.840 0.860 0.880 0.900 0.920 0.940 0.960 0.980 1.000 1.020 1.040 1.060 1.080 1.100 1.120 1.140 1.160 1.180 1.200 1.220 1.240 1.260 1.280 1.300 1.320 1.340 1.360 1.380 1.400 1.420 1.440 1.460 1.480 1.500
0.000 0.000 0.020 0.040 0.060 0.080 0.100 0.120 0.140 0.160 0.180 0.200 0.220 0.240 0.260 0.280 0.300 0.320 0.340 0.360 0.380 0.400 0.420 0.440 0.460 0.480 0.500 0.520 0.540 0.560 0.580 0.600 0.620 0.640 0.660 0.680 0.700 0.720 0.740 0.760 0.780 0.800 0.820 0.840 0.860 0.880 0.900 0.920 0.940 0.960 0.980 1.000 1.020 1.040 1.060 1.080 1.100 1.120 1.140 1.160 1.180 1.200 1.220 1.240 1.260 1.280 1.300 1.320 1.340 1.360 1.380 1.400 1.420 1.440 1.460 1.480 1.500
0.000 0.000 0.020 0.040 0.060 0.080 0.100 0.120 0.140 0.160 0.180 0.200 0.220 0.240 0.260 0.280 0.300 0.320 0.340 0.360 0.380 0.400 0.420 0.440 0.460 0.480 0.500 0.520 0.540 0.560 0.580 0.600 0.620 0.640 0.660 0.680 0.700 0.720 0.740 0.760 0.780 0.800 0.820 0.840 0.860 0.880 0.900 0.920 0.940 0.960 0.980 1.000 1.020 1.040 1.060 1.080 1.100 1.120 1.140 1.160 1.180 1.200 1.220 1.240 1.260 1.280 1.300 1.320 1.340 1.360 1.380 1.400 1.420 1.440 1.460 1.480 1.500
0.000 0.000 0.020 0.040 0.060 0.080 0.100 0.120 0.140 0.160 0.180 0.200 0.220 0.240 0.260 0.280 0.300 0.320 0.340 0.360 0.380 0.400 0.420 0.440 0.460 0.480 0.500 0.520 0.540 0.560 0.580 0.600 0.620 0.640 0.660 0.680 0.700 0.720 0.740 0.760 0.780 0.800 0.820 0.840 0.860 0.880 0.900 0.920 0.940 0.960 0.980 1.000 1.020 1.040 1.060 1.080 1.100 1.120 1.140 1.160 1.180 1.200 1.220 1.240 1.260 1.280 1.300 1.320 1.340 1.360 1.380 1.400 1.420 1.440 1.460 1.480 1.500
0.000 0.000 0.020 0.040 0.060 0.080 0.100 0.120 0.140 0.160 0.180 0.200 0.220 0.240 0.260 0.280 0.300 0.320 0.340 0.360 0.380 0.400 0.420 0.440 0.460 0.480 0.500 0.520 0.540 0.560 0.580 0.600 0.620 0.640 0.660 0.680 0.700 0.720 0.740 0.760 0.780 0.800 0.820 0.840 0.860 0.880 0.900 0.920 0.940 0.960 0.980 1.000 1.020 1.040 1.060 1.080 1.100 1.120 1.140 1.160 1.180 1.200 1.220 1.240 1.260 1.280 1.300 1.320 1.340 1.360 1.380 1.400 1.420 1.440 1.460 1.480 1.500
0.050 0.050 0.070 0.090 0.110 0.130 0.150 0.170 0.190 0.210 0.230 0.250 0.270 0.290 0.310 0.330 0.350 0.370 0.390 0.410 0.430 0.450 0.470 0.490 0.510 0.530 0.550 0.570 0.590 0.610 0.630 0.650 0.670 0.690 0.710 0.730 0.750 0.770 0.790 0.810 0.830 0.850 0.870 0.890 0.910 0.930 0.950 0.970 0.990 1.010 1.030 1.050 1.070 1.090 1.110 1.130 1.150 1.170 1.190 1.210 1.230 1.250 1.270 1.290 1.310 1.330 1.350 1.370 1.390 1.410 1.430 1.450 1.470 1.490 1.510 1.530 1.550
0.100 0.100 0.120 0.140 0.160 0.180 0.200 0.220 0.240 0.260 0.280 0.300 0.320 0.340 0.360 0.380 0.400 0.420 0.440 0.460 0.480 0.500 0.520 0.540 0.560 0.580 0.600 0.620 0.640 0.660 0.680 0.700 0.720 0.740 0.760 0.780 0.800 0.820 0.840 0.860 0.880 0.900 0.920 0.940 0.960 0.980 1.000 1.020 1.040 1.060 1.080 1.100 1.120 1.140 1.160 1.180 1.200 1.220 1.240 1.260 1.280 1.300 1.320 1.340 1.360 1.380 1.400 1.420 1.440 1.460 1.480 1.500 1.520 1.540 1.560 1.580 1.600
0.150 0.150 0.170 0.190 0.210 0.230 0.250 0.270 0.290 0.310 0.330 0.350 0.370 0.390 0.410 0.430 0.450 0.470 0.490 0.510 0.530 0.550 0.570 0.590 0.610 0.630 0.650 0.670 0.690 0.710 0.730 0.750 0.770 0.790 0.810 0.830 0.850 0.870 0.890 0.910 0.930 0.950 0.970 0.990 1.010 1.030 1.050 1.070 1.090 1.110 1.130 1.150 1.170 1.190 1.210 1.230 1.250 1.270 1.290 1.310 1.330 1.350 1.370 1.390 1.410 1.430 1.450 1.470 1.490 1.510 1.530 1.550 1.570 1.590 1.610 1.630 1.650
0.200 0.200 0.220 0.240 0.260 0.280 0.300 0.320 0.340 0.360 0.380 0.400 0.420 0.440 0.460 0.480 0.500 0.520 0.540 0.560 0.580 0.600 0.620 0.640 0.660 0.680 0.700 0.720 0.740 0.760 0.780 0.800 0.820 0.840 0.860 0.880 0.900 0.920 0.940 0.960 0.980 1.000 1.020 1.040 1.060 1.080 1.100 1.120 1.140 1.160 1.180 1.200 1.220 1.240 1.260 1.280 1.300 1.320 1.340 1.360 1.380 1.400 1.420 1.440 1.460 1.480 1.500 1.520 1.540 1.560 1.580 1.600 1.620 1.640 1.660 1.680 1.700
0.250 0.250 0.270 0.290 0.310 0.330 0.350 0.370 0.390 0.410 0.430 0.450 0.470 0.490 0.510 0.530 0.550 0.570 0.590 0.610 0.630 0.650 0.670 0.690 0.710 0.730 0.750 0.770 0.790 0.810 0.830 0.850 0.870 0.890 0.910 0.930 0.950 0.970 0.990 1.010 1.030 1.050 1.070 1.090 1.110 1.130 1.150 1.170 1.190 1.210 1.230 1.250 1.270 1.290 1.310 1.330 1.350 1.370 1.390 1.410 1.430 1.450 1.470 1.490 1.510 1.530 1.550 1.570 1.590 1.610 1.630 1.650 1.670 1.690 1.710 1.730 1.750
0.300 0.300 0.320 0.340 0.360 0.380 0.400 0.420 0.440 0.460 0.480 0.500 0.520 0.540 0.560 0.580 0.600 0.620 0.640 0.660 0.680 0.700 0.720 0.740 0.760 0.780 0.800 0.820 0.840 0.860 0.880 0.900 0.920 0.940 0.960 0.980 1.000 1.020 1.040 1.060 1.080 1.100 1.120 1.140 1.160 1.180 1.200 1.220 1.240 1.260 1.280 1.300 1.320 1.340 1.360 1.380 1.400 1.420 1.440 1.460 1.480 1.500 1.520 1.540 1.560 1.580 1.600 1.620 1.640 1.660 1.680 1.700 1.720 1.740 1.760 1.780 1.800
0.350 0.350 0.370 0.390 0.410 0.430 0.450 0.470 0.490 0.510 0.530 0.550 0.570 0.590 0.610 0.630 0.650 0.670 0.690 0.710 0.730 0.750 0.770 0.790 0.810 0.830 0.850 0.870 0.890 0.910 0.930 0.950 0.970 0.990 1.010 1.030 1.050 1.070 1.090 1.110 1.130 1.150 1.170 1.190 1.210 1.230 1.250 1.270 1.290 1.310 1.330 1.350 1.370 1.390 1.410 1.430 1.450 1.470 1.490 1.510 1.530 1.550 1.570 1.590 1.610 1.630 1.650 1.670 1.690 1.710 1.730 1.750 1.770 1.790 1.810 1.830 1.850
0.400 0.400 0.420 0.440 0.460 0.480 0.500 0.520 0.540 0.560 0.580 0.600 0.620 0.640 0.660 0.680 0.700 0.720 0.740 0.760 0.780 0.800 0.820 0.840 0.860 0.880 0.900 0.920 0.940 0.960 0.980 1.000 1.020 1.040 1.060 1.080 1.100 1.120 1.140 1.160 1.180 1.200 1.220 1.240 1.260 1.280 1.300 1.320 1.340 1.360 1.380 1.400 1.420 1.440 1.460 1.480 1.500 1.520 1.540 1.560 1.580 1.600 1.620 1.640 1.660 1.680 1.700 1.720 1.740 1.760 1.780 1.800 1.820 1.840 1.860 1.880 1.900
0.450 0.450 0.470 0.490 0.510 0.530 0.550 0.570 0.590 0.610 0.630 0.650 0.670 0.690 0.710 0.730 0.750 0.770 0.790 0.810 0.830 0.850 0.870 0.890 0.910 0.930 0.950 0.970 0.990 1.010 1.030 1.050 1.070 1.090 1.110 1.130 1.150 1.170 1.190 1.210 1.230 1.250 1.270 1.290 1.310 1.330 1.350 1.370 1.390 1.410 1.430 1.450 1.470 1.490 1.510 1.530 1.550 1.570 1.590 1.610 1.630 1.650 1.670 1.690 1.710 1.730 1.750 1.770 1.790 1.810 1.830 1.850 1.870 1.890 1.910 1.930 1.950
0.500 0.500 0.520 0.540 0.560 0.580 0.600 0.620 0.640 0.660 0.680 0.700 0.720 0.740 0.760 0.780 0.800 0.820 0.840 0.860 0.880 0.900 0.920 0.940 0.960 0.980 1.000 1.020 1.040 1.060 1.080 1.100 1.120 1.140 1.160 1.180 1.200 1.220 1.240 1.260 1.280 1.300 1.320 1.340 1.360 1.380 1.400 1.420 1.440 1.460 1.480 1.500 1.520 1.540 1.560 1.580 1.600 1.620 1.640 1.660 1.680 1.700 1.720 1.740 1.760 1.780 1.800 1.820 1.840 1.860 1.880 1.900 1.920 1.940 1.960 1.980 2.000
0.550 0.550 0.570 0.590 0.610 0.630 0.650 0.670 0.690 0.710 0.730 0.750 0.770 0.790 0.810 0.830 0.850 0.870 0.890 0.910 0.930 0.950 0.970 0.990 1.010 1.030 1.050 1.070 1.090 1.110 1.130 1.150 1.170 1.190 1.210 1.230 1.250 1.270 1.290 1.310 1.330 1.350 1.370 1.390 1.410 1.430 1.450 1.470 1.490 1.510 1.530 1.550 1.570 1.590 1.610 1.630 1.650 1.670 1.690 1.710 1.730 1.750 1.770 1.790 1.810 1.830 1.850 1.870 1.890 1.910 1.930 1.950 1.970 1.990 2.010 2.030 2.050
0.600 0.600 0.620 0.640 0.660 0.680 0.700 0.720 0.740 0.760 0.780 0.800 0.820 0.840 0.860 0.880 0.900 0.920 0.940 0.960 0.980 1.000 1.020 1.040 1.060 1.080 1.100 1.120 1.140 1.160 1.180 1.200 1.220 1.240 1.260 1.280 1.300 1.320 1.340 1.360 1.380 1.400 1.420 1.440 1.460 1.480 1.500 1.520 1.540 1.560 1.580 1.600 1.620 1.640 1.660 1.680 1.700 1.720 1.740 1.760 1.780 1.800 1.820 1.840 1.860 1.880 1.900 1.920 1.940 1.960 1.980 2.000 2.020 2.040 2.060 2.080 2.100
0.650 0.650 0.670 0.690 0.710 0.730 0.750 0.770 0.790 0.810 0.830 0.850 0.870 0.890 0.910 0.930 0.950 0.970 0.990 1.010 1.030 1.050 1.070 1.090 1.110 1.130 1.150 1.170 1.190 1.210 1.230 1.250 1.270 1.290 1.310 1.330 1.350 1.370 1.390 1.410 1.430 1.450 1.470 1.490 1.510 1.530 1.550 1.570 1.590 1.610 1.630 1.650 1.670 1.690 1.710 1.730 1.750 1.770 1.790 1.810 1.830 1.850 1.870 1.890 1.910 1.930 1.950 1.970 1.990 2.010 2.030 2.050 2.070 2.090 2.110 2.130 2.150
0.700 0.700 0.720 0.740 0.760 0.780 0.800 0.820 0.840 0.860 0.880 0.900 0.920 0.940 0.960 0.980 1.000 1.020 1.040 1.060 1.080 1.100 1.120 1.140 1.160 1.180 1.200 1.220 1.240 1.260 1.280 1.300 1.320 1.340 1.360 1.380 1.400 1.420 1.440 1.460 1.480 1.500 1.520 1.540 1.560 1.580 1.600 1.620 1.640 1.660 1.680 1.700 1.720 1.740 1.760 1.780 1.800 1.820 1.840 1.860 1.880 1.900 1.920 1.940 1.960 1.980 2.000 2.020 2.040 2.060 2.080 2.100 2.120 2.140 2.160 2.180 2.200
0.750 0.750 0.770 0.790 0.810 0.830 0.850 0.870 0.890 0.910 0.930 0.950 0.970 0.990 1.010 1.030 1.050 1.070 1.090 1.110 1.130 1.150 1.170 1.190 1.210 1.230 1.250 1.270 1.290 1.310 1.330 1.350 1.370 1.390 1.410 1.430 1.450 1.470 1.490 1.510 1.530 1.550 1.570 1.590 1.610 1.630 1.650 1.670 1.690 1.710 1.730 1.750 1.770 1.790 1.810 1.830 1.850 1.870 1.890 1.910 1.930 1.950 1.970 1.990 2.010 2.030 2.050 2.070 2.090 2.110 2.130 2.150 2.170 2.190 2.210 2.230 2.250
0.800 0.800 0.820 0.840 0.860 0.880 0.900 0.920 0.940 0.960 0.980 1.000 1.020 1.040 1.060 1.080 1.100 1.120 1.140 1.160 1.180 1.200 1.220 1.240 1.260 1.280 1.300 1.320 1.340 1.360 1.380 1.400 1.420 1.440 1.460 1.480 1.500 1.520 1.540 1.560 1.580 1.600 1.620 1.640 1.660 1.680 1.700 1.720 1.740 1.760 1.780 1.800 1.820 1.840 1.860 1.880 1.900 1.920 1.940 1.960 1.980 2.000 2.020 2.040 2.060 2.080 2.100 2.120 2.140 2.160 2.180 2.200 2.220 2.240 2.260 2.280 2.300
0.850 0.850 0.870 0.890 0.910 0.930 0.950 0.970 0.990 1.010 1.030 1.050 1.070 1.090 1.110 1.130 1.150 1.170 1.190 1.210 1.230 1.250 1.270 1.290 1.310 1.330 1.350 1.370 1.390 1.410 1.430 1.450 1.470 1.490 1.510 1.530 1.550 1.570 1.590 1.610 1.630 1.650 1.670 1.690 1.710 1.730 1.750 1.770 1.790 1.810 1.830 1.850 1.870 1.890 1.910 1.930 1.950 1.970 1.990 2.010 2.030 2.050 2.070 2.090 2.110 2.130 2.150 2.170 2.190 2.210 2.230 2.250 2.270 2.290 2.310 2.330 2.350
0.900 0.900 0.920 0.940 0.960 0.980 1.000 1.020 1.040 1.060 1.080 1.100 1.120 1.140 1.160 1.180 1.200 1.220 1.240 1.260 1.280 1.300 1.320 1.340 1.360 1.380 1.400 1.420 1.440 1.460 1.480 1.500 1.520 1.540 1.560 1.580 1.600 1.620 1.640 1.660 1.680 1.700 1.720 1.740 1.760 1.780 1.800 1.820 1.840 1.860 1.880 1.900 1.920 1.940 1.960 1.980 2.000 2.020 2.040 2.060 2.080 2.100 2.120 2.140 2.160 2.180 2.200 2.220 2.240 2.260 2.280 2.300 2.320 2.340 2.360 2.380 2.400
0.950 0.950 0.970 0.990 1.010 1.030 1.050 1.070 1.090 1.110 1.130 1.150 1.170 1.190 1.210 1.230 1.250 1.270 1.290 1.310 1.330 1.350 1.370 1.390 1.410 1.430 1.450 1.470 1.490 1.510 1.530 1.550 1.570 1.590 1.610 1.630 1.650 1.670 1.690 1.710 1.730 1.750 1.770 1.790 1.810 1.830 1.850 1.870 1.890 1.910 1.930 1.950 1.970 1.990 2.010 2.030 2.050 2.070 2.090 2.110 2.130 2.150 2.170 2.190 2.210 2.230 2.250 2.270 2.290 2.310 2.330 2.350 2.370 2.390 2.410 2.430 2.450
1.000 1.000 1.020 1.040 1.060 1.080 1.100 1.120 1.140 1.160 1.180 1.200 1.220 1.240 1.260 1.280 1.300 1.320 1.340 1.360 1.380 1.400 1.420 1.440 1.460 1.480 1.500 1.520 1.540 1.560 1.580 1.600 1.620 1.640 1.660 1.680 1.700 1.720 1.740 1.760 1.780 1.800 1.820 1.840 1.860 1.880 1.900 1.920 1.940 1.960 1.980 2.000 2.020 2.040 2.060 2.080 2.100 2.120 2.140 2.160 2.180 2.200 2.220 2.240 2.260 2.280 2.300 2.320 2.340 2.360 2.380 2.400 2.420 2.440 2.460 2.480 2.500
1.050 1.050 1.070 1.090 1.110 1.130 1.150 1.170 1.190 1.210 1.230 1.250 1.270 1.290 1.310 1.330 1.350 1.370 1.390 1.410 1.430 1.450 1.470 1.490 1.510 1.530 1.550 1.570 1.590 1.610 1.630 1.650 1.670 1.690 1.710 1.730 1.750 1.770 1.790 1.810 1.830 1.850 1.870 1.890 1.910 1.930 1.950 1.970 1.990 2.010 2.030 2.050 2.070 2.090 2.110 2.130 2.150 2.170 2.190 2.210 2.230 2.250 2.270 2.290 2.310 2.330 2.350 2.370 2.390 2.410 2.430 2.450 2.470 2.490 2.510 2.530 2.550
1.100 1.100 1.120 1.140 1.160 1.180 1.200 1.220 1.240 1.260 1.280 1.300 1.320 1.340 1.360 1.380 1.400 1.420 1.440 1.460 1.480 1.500 1.520 1.540 1.560 1.580 1.600 1.620 1.640 1.660 1.680 1.700 1.720 1.740 1.760 1.780 1.800 1.820 1.840 1.860 1.880 1.900 1.920 1.940 1.960 1.980 2.000 2.020 2.040 2.060 2.080 2.100 2.120 2.140 2.160 2.180 2.200 2.220 2.240 2.260 2.280 2.300 2.320 2.340 2.360 2.380 2.400 2.420 2.440 2.460 2.480 2.500 2.520 2.540 2.560 2.580 2.600
1.150 1.150 1.170 1.190 1.210 1.230 1.250 1.270 1.290 1.310 1.330 1.350 1.370 1.390 1.410 1.430 1.450 1.470 1.490 1.510 1.530 1.550 1.570 1.590 1.610 1.630 1.650 1.670 1.690 1.710 1.730 1.750 1.770 1.790 1.810 1.830 1.850 1.870 1.890 1.910 1.930 1.950 1.970 1.990 2.010 2.030 2.050 2.070 2.090 2.110 2.130 2.150 2.170 2.190 2.210 2.230 2.250 2.270 2.290 2.310 2.330 2.350 2.370 2.390 2.410 2.430 2.450 2.470 2.490 2.510 2.530 2.550 2.570 2.590 2.610 2.630 2.650
1.200 1.200 1.220 1.240 1.260 1.280 1.300 1.320 1.340 1.360 1.380 1.400 1.420 1.440 1.460 1.480 1.500 1.520 1.540 1.560 1.580 1.600 1.620 1.640 1.660 1.680 1.700 1.720 1.740 1.760 1.780 1.800 1.820 1.840 1.860 1.880 1.900 1.920 1.940 1.960 1.980 2.000 2.020 2.040 2.060 2.080 2.100 2.120 2.140 2.160 2.180 2.200 2.220 2.240 2.260 2.280 2.300 2.320 2.340 2.360 2.380 2.400 2.420 2.440 2.460 2.480 2.500 2.520 2.540 2.560 2.580 2.600 2.620 2.640 2.660 2.680 2.700
1.250 1.250 1.270 1.290 1.310 1.330 1.350 1.370 1.390 1.410 1.430 1.450 1.470 1.490 1.510 1.530 1.550 1.570 1.590 1.610 1.630 1.650 1.670 1.690 1.710 1.730 1.750 1.770 1.790 1.810 1.830 1.850 1.870 1.890 1.910 1.930 1.950 1.970 1.990 2.010 2.030 2.050 2.070 2.090 2.110 2.130 2.150 2.170 2.190 2.210 2.230 2.250 2.270 2.290 2.310 2.330 2.350 2.370 2.390 2.410 2.430 2.450 2.470 2.490 2.510 2.530 2.550 2.570 2.590 2.610 2.630 2.650 2.670 2.690 2.710 2.730 2.750
1.300 1.300 1.320 1.340 1.360 1.380 1.400 1.420 1.440 1.460 1.480 1.500 1.520 1.540 1.560 1.580 1.600 1.620 1.640 1.660 1.680 1.700 1.720 1.740 1.760 1.780 1.800 1.820 1.840 1.860 1.880 1.900 1.920 1.940 1.960 1.980 2.000 2.020 2.040 2.060 2.080 2.100 2.120 2.140 2.160 2.180 2.200 2.220 2.240 2.260 2.280 2.300 2.320 2.340 2.360 2.380 2.400 2.420 2.440 2.460 2.480 2.500 2.520 2.540 2.560 2.580 2.600 2.620 2.640 2.660 2.680 2.700 2.720 2.740 2.760 2.780 2.800
1.350 1.350 1.370 1.390 1.410 1.430 1.450 1.470 1.490 1.510 1.530 1.550 1.570 1.590 1.610 1.630 1.650 1.670 1.690 1.710 1.730 1.750 1.770 1.790 1.810 1.830 1.850 1.870 1.890 1.910 1.930 1.950 1.970 1.990 2.010 2.030 2.050 2.070 2.090 2.110 2.130 2.150 2.170 2.190 2.210 2.230 2.250 2.270 2.290 2.310 2.330 2.350 2.370 2.390 2.410 2.430 2.450 2.470 2.490 2.510 2.530 2.550 2.570 2.590 2.610 2.630 2.650 2.670 2.690 2.710 2.730 2.750 2.770 2.790 2.810 2.830 2.850
1.400 1.400 1.420 1.440 1.460 1.480 1.500 1.520 1.540 1.560 1.580 1.600 1.620 1.640 1.660 1.680 1.700 1.720 1.740 1.760 1.780 1.800 1.820 1.840 1.860 1.880 1.900 1.920 1.940 1.960 1.980 2.000 2.020 2.040 2.060 2.080 2.100 2.120 2.140 2.160 2.180 2.200 2.220 2.240 2.260 2.280 2.300 2.320 2.340 2.360 2.380 2.400 2.420 2.440 2.460 2.480 2.500 2.520 2.540 2.560 2.580 2.600 2.620 2.640 2.660 2.680 2.700 2.720 2.740 2.760 2.780 2.800 2.820 2.840 2.860 2.880 2.900
1.450 1.450 1.470 1.490 1.510 1.530 1.550 1.570 1.590 1.610 1.630 1.650 1.670 1.690 1.710 1.730 1.750 1.770 1.790 1.810 1.830 1.850 1.870 1.890 1.910 1.930 1.950 1.970 1.990 2.010 2.030 2.050 2.070 2.090 2.110 2.130 2.150 2.170 2.190 2.210 2.230 2.250 2.270 2.290 2.310 2.330 2.350 2.370 2.390 2.410 2.430 2.450 2.470 2.490 2.510 2.530 2.550 2.570 2.590 2.610 2.630 2.650 2.670 2.690 2.710 2.730 2.750 2.770 2.790 2.810 2.830 2.850 2.870 2.890 2.910 2.930 2.950
